image: /home/usr/data/matteo_thesis/karto_slam/thesis_ws/results/simulation/hospital/20240404_033648.pgm
resolution: 0.050000
origin: [-12.504047, -34.969569, 0.000000]
negate: 0
occupied_thresh: 0.65
free_thresh: 0.196

