image: /home/usr/data/matteo_thesis/karto_slam/thesis_ws/results/simulation/hospital/20240404_031335.pgm
resolution: 0.050000
origin: [-12.497021, -32.010234, 0.000000]
negate: 0
occupied_thresh: 0.65
free_thresh: 0.196

