image: /home/usr/data/matteo_thesis/karto_slam/thesis_ws/results/simulation/hospital/20240403_212512.pgm
resolution: 0.050000
origin: [-12.511855, -34.999972, 0.000000]
negate: 0
occupied_thresh: 0.65
free_thresh: 0.196

