image: /home/usr/data/matteo_thesis/karto_slam/thesis_ws/results/simulation/hospital/20240403_225806.pgm
resolution: 0.050000
origin: [-12.493663, -25.984490, 0.000000]
negate: 0
occupied_thresh: 0.65
free_thresh: 0.196

