image: will_util_r2_s0.pgm
resolution: 0.050000
origin: [-19.108750, -20.015424, 0.000000]
negate: 0
occupied_thresh: 0.65
free_thresh: 0.196

