image: /home/usr/data/matteo_thesis/MAGS/thesis_ws/results/simulation/willowgarage/20240407_144616.pgm
resolution: 0.050000
origin: [-17.206164, -14.659748, 0.000000]
negate: 0
occupied_thresh: 0.65
free_thresh: 0.196

