image: /home/usr/data/matteo_thesis/MAGS/thesis_ws/results/simulation/willowgarage/20240407_125123.pgm
resolution: 0.050000
origin: [-16.554595, -12.436159, 0.000000]
negate: 0
occupied_thresh: 0.65
free_thresh: 0.196

