image: /home/farhan/data/ros1_ws/src/thesis_ws/results/simulation/Hospital/maps/20250518_144114.pgm
resolution: 0.050000
origin: [-12.500890, -10.009560, 0.000000]
negate: 0
occupied_thresh: 0.65
free_thresh: 0.196

