image: /home/usr/data/matteo_thesis/karto_slam/thesis_ws/results/simulation/hospital/20240403_122237.pgm
resolution: 0.050000
origin: [-12.530433, -32.030662, 0.000000]
negate: 0
occupied_thresh: 0.65
free_thresh: 0.196

