image: /home/usr/data/matteo_thesis/karto_slam/thesis_ws/results/simulation/hospital/20240403_113730.pgm
resolution: 0.050000
origin: [-12.501512, -32.020450, 0.000000]
negate: 0
occupied_thresh: 0.65
free_thresh: 0.196

