image: /home/usr/data/matteo_thesis/karto_slam/thesis_ws/results/simulation/hospital/20240403_154058.pgm
resolution: 0.050000
origin: [-12.492410, -26.121384, 0.000000]
negate: 0
occupied_thresh: 0.65
free_thresh: 0.196

