image: /home/usr/data/catkin_ws/src/thesis_ws/results/simulation/WillowGarage/maps/20230825_010201.pgm
resolution: 0.050000
origin: [-17.189092, -21.156689, 0.000000]
negate: 0
occupied_thresh: 0.65
free_thresh: 0.196

