image: /home/usr/data/catkin_ws/src/thesis_ws/results/simulation/WillowGarage/maps/20230825_040907.pgm
resolution: 0.050000
origin: [-41.098259, -15.402122, 0.000000]
negate: 0
occupied_thresh: 0.65
free_thresh: 0.196

