image: /home/usr/data/catkin_ws/src/thesis_ws/results/simulation/WillowGarage/maps/20230825_045553.pgm
resolution: 0.050000
origin: [-16.673217, -19.790823, 0.000000]
negate: 0
occupied_thresh: 0.65
free_thresh: 0.196

