image: /home/usr/data/catkin_ws/src/thesis_ws/results/simulation/WillowGarage/maps/20230825_071613.pgm
resolution: 0.050000
origin: [-19.077707, -20.126467, 0.000000]
negate: 0
occupied_thresh: 0.65
free_thresh: 0.196

