image: /home/usr/data/catkin_ws/src/thesis_ws/results/simulation/WillowGarage/maps/20230824_232829.pgm
resolution: 0.050000
origin: [-16.782583, -20.060317, 0.000000]
negate: 0
occupied_thresh: 0.65
free_thresh: 0.196

