image: /home/usr/data/matteo_thesis/MAGS/thesis_ws/results/simulation/hospital/20240406_171841.pgm
resolution: 0.050000
origin: [-12.505238, -29.505969, 0.000000]
negate: 0
occupied_thresh: 0.65
free_thresh: 0.196

