image: /home/usr/data/matteo_thesis/MAGS/thesis_ws/results/simulation/hospital/20240406_163044.pgm
resolution: 0.050000
origin: [-12.490374, -9.991670, 0.000000]
negate: 0
occupied_thresh: 0.65
free_thresh: 0.196

