image: /home/usr/data/catkin_ws/src/aslam_turtlebot/results/simulation/office/maps/20230904_231616.pgm
resolution: 0.050000
origin: [-44.774263, -7.171075, 0.000000]
negate: 0
occupied_thresh: 0.65
free_thresh: 0.196

