image: /home/usr/data/catkin_ws/src/aslam_turtlebot/results/simulation/office/maps/20230905_060035.pgm
resolution: 0.050000
origin: [-44.613809, -7.020026, 0.000000]
negate: 0
occupied_thresh: 0.65
free_thresh: 0.196

