image: /home/usr/data/catkin_ws/src/aslam_turtlebot/results/simulation/office/maps/20230905_071406.pgm
resolution: 0.050000
origin: [-44.689254, -7.185290, 0.000000]
negate: 0
occupied_thresh: 0.65
free_thresh: 0.196

