image: /home/usr/data/matteo_thesis/karto_slam/thesis_ws/results/simulation/willo/20240402_115316.pgm
resolution: 0.050000
origin: [-19.080134, -19.964461, 0.000000]
negate: 0
occupied_thresh: 0.65
free_thresh: 0.196

