image: /home/usr/data/matteo_thesis/karto_slam/thesis_ws/results/simulation/willo/20240402_150247.pgm
resolution: 0.050000
origin: [-16.671252, -12.699463, 0.000000]
negate: 0
occupied_thresh: 0.65
free_thresh: 0.196

