image: /home/usr/data/matteo_thesis/karto_slam/thesis_ws/results/simulation/willo/20240402_131730.pgm
resolution: 0.050000
origin: [-17.403142, -19.746257, 0.000000]
negate: 0
occupied_thresh: 0.65
free_thresh: 0.196

