image: /home/usr/data/catkin_ws/src/thesis_ws/results/simulation/WillowGarage/maps/20230824_091038.pgm
resolution: 0.050000
origin: [-16.697175, -19.927570, 0.000000]
negate: 0
occupied_thresh: 0.65
free_thresh: 0.196

