image: /home/usr/data/catkin_ws/src/thesis_ws/results/simulation/WillowGarage/maps/20230824_042959.pgm
resolution: 0.050000
origin: [-16.933951, -16.817704, 0.000000]
negate: 0
occupied_thresh: 0.65
free_thresh: 0.196

