image: /home/usr/data/catkin_ws/src/thesis_ws/results/simulation/WillowGarage/maps/20230823_105603.pgm
resolution: 0.050000
origin: [-19.237809, -20.179537, 0.000000]
negate: 0
occupied_thresh: 0.65
free_thresh: 0.196

