image: hospital_2rob_util.pgm
resolution: 0.050000
origin: [-12.518299, -34.974870, 0.000000]
negate: 0
occupied_thresh: 0.65
free_thresh: 0.196

