image: map_lab_room_utilityfnc_2.pgm
resolution: 0.050000
origin: [-16.610534, -9.837301, 0.000000]
negate: 0
occupied_thresh: 0.65
free_thresh: 0.196

