image: /home/usr/data/matteo_thesis/MAGS/thesis_ws/results/simulation/hospital/20240406_204518.pgm
resolution: 0.050000
origin: [-12.517225, -20.282395, 0.000000]
negate: 0
occupied_thresh: 0.65
free_thresh: 0.196

