image: /home/usr/data/matteo_thesis/MAGS/thesis_ws/results/simulation/hospital/20240406_224512.pgm
resolution: 0.050000
origin: [-12.496416, -20.695603, 0.000000]
negate: 0
occupied_thresh: 0.65
free_thresh: 0.196

