image: hospital-3robots_No_utillity.pgm
resolution: 0.050000
origin: [-12.501783, -34.972894, 0.000000]
negate: 0
occupied_thresh: 0.65
free_thresh: 0.196

