image: will-r3-s3.pgm
resolution: 0.050000
origin: [-19.098909, -19.945368, 0.000000]
negate: 0
occupied_thresh: 0.65
free_thresh: 0.196

