image: map_lab_room_utilityfnc_2_.pgm
resolution: 0.050000
origin: [-7.871012, -9.426609, 0.000000]
negate: 0
occupied_thresh: 0.65
free_thresh: 0.196

