image: map_lab_room_utilityfnc_2__.pgm
resolution: 0.050000
origin: [-16.539614, -9.881129, 0.000000]
negate: 0
occupied_thresh: 0.65
free_thresh: 0.196

