image: will_r3_s1.pgm
resolution: 0.050000
origin: [-19.081556, -19.910135, 0.000000]
negate: 0
occupied_thresh: 0.65
free_thresh: 0.196

