image: hsopital_3robots_withUtility.pgm
resolution: 0.050000
origin: [-12.527806, -35.012008, 0.000000]
negate: 0
occupied_thresh: 0.65
free_thresh: 0.196

