image: /home/usr/data/catkin_ws/src/thesis_ws/results/simulation/Hospital/maps/20250512_200051.pgm
resolution: 0.050000
origin: [-12.494861, -20.853676, 0.000000]
negate: 0
occupied_thresh: 0.65
free_thresh: 0.196

