image: /home/usr/data/catkin_ws/src/thesis_ws/results/simulation/Hospital/maps/20250512_211237.pgm
resolution: 0.050000
origin: [-14.119007, -35.013418, 0.000000]
negate: 0
occupied_thresh: 0.65
free_thresh: 0.196

