image: /home/usr/data/catkin_ws/src/thesis_ws/results/simulation/Hospital/maps/20250512_181932.pgm
resolution: 0.050000
origin: [-12.514743, -20.203463, 0.000000]
negate: 0
occupied_thresh: 0.65
free_thresh: 0.196

