image: hosp_r2_s0.pgm
resolution: 0.050000
origin: [-12.503187, -34.985589, 0.000000]
negate: 0
occupied_thresh: 0.65
free_thresh: 0.196

