image: will_r2_s0.pgm
resolution: 0.050000
origin: [-19.114994, -14.046439, 0.000000]
negate: 0
occupied_thresh: 0.65
free_thresh: 0.196

