image: will_util_r3_s4.pgm
resolution: 0.050000
origin: [-16.583135, -19.969120, 0.000000]
negate: 0
occupied_thresh: 0.65
free_thresh: 0.196

