image: map_lab_room_noutilityfnc.pgm
resolution: 0.050000
origin: [-16.498687, -9.501182, 0.000000]
negate: 0
occupied_thresh: 0.65
free_thresh: 0.196

