image: will_s6-r1.pgm
resolution: 0.050000
origin: [-15.368785, -3.226107, 0.000000]
negate: 0
occupied_thresh: 0.65
free_thresh: 0.196

