image: will_s3-r3.pgm
resolution: 0.050000
origin: [-19.073718, -19.904270, 0.000000]
negate: 0
occupied_thresh: 0.65
free_thresh: 0.196

