image: /home/usr/data/catkin_ws/src/thesis_ws/results/simulation/WillowGarage/maps/20250513_112755.pgm
resolution: 0.050000
origin: [-19.081802, -15.422017, 0.000000]
negate: 0
occupied_thresh: 0.65
free_thresh: 0.196

