image: /home/usr/data/catkin_ws/src/thesis_ws/results/simulation/WillowGarage/maps/20250513_114645.pgm
resolution: 0.050000
origin: [-16.677578, -13.240233, 0.000000]
negate: 0
occupied_thresh: 0.65
free_thresh: 0.196

