image: /home/usr/data/catkin_ws/src/thesis_ws/results/simulation/WillowGarage/maps/20230826_074652.pgm
resolution: 0.050000
origin: [-40.990722, -20.506683, 0.000000]
negate: 0
occupied_thresh: 0.65
free_thresh: 0.196

