image: /home/usr/data/catkin_ws/src/thesis_ws/results/simulation/WillowGarage/maps/20230827_221202.pgm
resolution: 0.050000
origin: [-19.109601, -20.137325, 0.000000]
negate: 0
occupied_thresh: 0.65
free_thresh: 0.196

