image: /home/usr/data/catkin_ws/src/thesis_ws/results/simulation/WillowGarage/maps/20230826_004553.pgm
resolution: 0.050000
origin: [-40.976677, -19.950944, 0.000000]
negate: 0
occupied_thresh: 0.65
free_thresh: 0.196

