image: /home/usr/data/catkin_ws/src/thesis_ws/results/simulation/WillowGarage/maps/20230826_083339.pgm
resolution: 0.050000
origin: [-26.470057, -17.905557, 0.000000]
negate: 0
occupied_thresh: 0.65
free_thresh: 0.196

