image: /home/usr/data/catkin_ws/src/thesis_ws/results/simulation/WillowGarage/maps/20230827_203829.pgm
resolution: 0.050000
origin: [-40.970301, -13.207364, 0.000000]
negate: 0
occupied_thresh: 0.65
free_thresh: 0.196

