image: map_lab_room_utilityfnc.pgm
resolution: 0.050000
origin: [-16.541622, -9.568078, 0.000000]
negate: 0
occupied_thresh: 0.65
free_thresh: 0.196

