image: /home/usr/data/matteo_thesis/karto_slam/thesis_ws/results/simulation/willo/20240403_005922.pgm
resolution: 0.050000
origin: [-19.099090, -19.992848, 0.000000]
negate: 0
occupied_thresh: 0.65
free_thresh: 0.196

