image: /home/usr/data/matteo_thesis/karto_slam/thesis_ws/results/simulation/willo/20240403_022336.pgm
resolution: 0.050000
origin: [-17.737143, -16.851457, 0.000000]
negate: 0
occupied_thresh: 0.65
free_thresh: 0.196

