image: map_lab_room_noutilityfnc_2.pgm
resolution: 0.050000
origin: [-16.529970, -9.783702, 0.000000]
negate: 0
occupied_thresh: 0.65
free_thresh: 0.196

