image: /home/usr/data/catkin_ws/src/thesis_ws/results/simulation/WillowGarage/maps/20230826_230313.pgm
resolution: 0.050000
origin: [-48.451979, -23.913181, 0.000000]
negate: 0
occupied_thresh: 0.65
free_thresh: 0.196

