image: /home/usr/data/catkin_ws/src/thesis_ws/results/simulation/WillowGarage/maps/20230827_043037.pgm
resolution: 0.050000
origin: [-48.332909, -24.653799, 0.000000]
negate: 0
occupied_thresh: 0.65
free_thresh: 0.196

